
State Machine - |ps2_lcd1602|LCD_1602:LCD_1602_Init|PS2_LCD_DATA_nn
Name PS2_LCD_DATA_nn.01011010 PS2_LCD_DATA_nn.01011001 PS2_LCD_DATA_nn.01011000 PS2_LCD_DATA_nn.01010111 PS2_LCD_DATA_nn.01010110 PS2_LCD_DATA_nn.01010101 PS2_LCD_DATA_nn.01010100 PS2_LCD_DATA_nn.01010011 PS2_LCD_DATA_nn.01010010 PS2_LCD_DATA_nn.01010001 PS2_LCD_DATA_nn.01010000 PS2_LCD_DATA_nn.01001111 PS2_LCD_DATA_nn.01001110 PS2_LCD_DATA_nn.01001101 PS2_LCD_DATA_nn.01001100 PS2_LCD_DATA_nn.01001011 PS2_LCD_DATA_nn.01001010 PS2_LCD_DATA_nn.01001001 PS2_LCD_DATA_nn.01001000 PS2_LCD_DATA_nn.01000111 PS2_LCD_DATA_nn.01000110 PS2_LCD_DATA_nn.01000101 PS2_LCD_DATA_nn.01000100 PS2_LCD_DATA_nn.01000011 PS2_LCD_DATA_nn.01000010 PS2_LCD_DATA_nn.01000001 PS2_LCD_DATA_nn.00111001 PS2_LCD_DATA_nn.00111000 PS2_LCD_DATA_nn.00110111 PS2_LCD_DATA_nn.00110110 PS2_LCD_DATA_nn.00110101 PS2_LCD_DATA_nn.00110100 PS2_LCD_DATA_nn.00110011 PS2_LCD_DATA_nn.00110010 PS2_LCD_DATA_nn.00110001 PS2_LCD_DATA_nn.00110000 PS2_LCD_DATA_nn.00101101 PS2_LCD_DATA_nn.00101010 PS2_LCD_DATA_nn.00100000 PS2_LCD_DATA_nn.00000000 
PS2_LCD_DATA_nn.00000000 0 0 0 0 0 0 0 0 0 0 0 0 0 0 0 0 0 0 0 0 0 0 0 0 0 0 0 0 0 0 0 0 0 0 0 0 0 0 0 0 
PS2_LCD_DATA_nn.00100000 0 0 0 0 0 0 0 0 0 0 0 0 0 0 0 0 0 0 0 0 0 0 0 0 0 0 0 0 0 0 0 0 0 0 0 0 0 0 1 1 
PS2_LCD_DATA_nn.00101010 0 0 0 0 0 0 0 0 0 0 0 0 0 0 0 0 0 0 0 0 0 0 0 0 0 0 0 0 0 0 0 0 0 0 0 0 0 1 0 1 
PS2_LCD_DATA_nn.00101101 0 0 0 0 0 0 0 0 0 0 0 0 0 0 0 0 0 0 0 0 0 0 0 0 0 0 0 0 0 0 0 0 0 0 0 0 1 0 0 1 
PS2_LCD_DATA_nn.00110000 0 0 0 0 0 0 0 0 0 0 0 0 0 0 0 0 0 0 0 0 0 0 0 0 0 0 0 0 0 0 0 0 0 0 0 1 0 0 0 1 
PS2_LCD_DATA_nn.00110001 0 0 0 0 0 0 0 0 0 0 0 0 0 0 0 0 0 0 0 0 0 0 0 0 0 0 0 0 0 0 0 0 0 0 1 0 0 0 0 1 
PS2_LCD_DATA_nn.00110010 0 0 0 0 0 0 0 0 0 0 0 0 0 0 0 0 0 0 0 0 0 0 0 0 0 0 0 0 0 0 0 0 0 1 0 0 0 0 0 1 
PS2_LCD_DATA_nn.00110011 0 0 0 0 0 0 0 0 0 0 0 0 0 0 0 0 0 0 0 0 0 0 0 0 0 0 0 0 0 0 0 0 1 0 0 0 0 0 0 1 
PS2_LCD_DATA_nn.00110100 0 0 0 0 0 0 0 0 0 0 0 0 0 0 0 0 0 0 0 0 0 0 0 0 0 0 0 0 0 0 0 1 0 0 0 0 0 0 0 1 
PS2_LCD_DATA_nn.00110101 0 0 0 0 0 0 0 0 0 0 0 0 0 0 0 0 0 0 0 0 0 0 0 0 0 0 0 0 0 0 1 0 0 0 0 0 0 0 0 1 
PS2_LCD_DATA_nn.00110110 0 0 0 0 0 0 0 0 0 0 0 0 0 0 0 0 0 0 0 0 0 0 0 0 0 0 0 0 0 1 0 0 0 0 0 0 0 0 0 1 
PS2_LCD_DATA_nn.00110111 0 0 0 0 0 0 0 0 0 0 0 0 0 0 0 0 0 0 0 0 0 0 0 0 0 0 0 0 1 0 0 0 0 0 0 0 0 0 0 1 
PS2_LCD_DATA_nn.00111000 0 0 0 0 0 0 0 0 0 0 0 0 0 0 0 0 0 0 0 0 0 0 0 0 0 0 0 1 0 0 0 0 0 0 0 0 0 0 0 1 
PS2_LCD_DATA_nn.00111001 0 0 0 0 0 0 0 0 0 0 0 0 0 0 0 0 0 0 0 0 0 0 0 0 0 0 1 0 0 0 0 0 0 0 0 0 0 0 0 1 
PS2_LCD_DATA_nn.01000001 0 0 0 0 0 0 0 0 0 0 0 0 0 0 0 0 0 0 0 0 0 0 0 0 0 1 0 0 0 0 0 0 0 0 0 0 0 0 0 1 
PS2_LCD_DATA_nn.01000010 0 0 0 0 0 0 0 0 0 0 0 0 0 0 0 0 0 0 0 0 0 0 0 0 1 0 0 0 0 0 0 0 0 0 0 0 0 0 0 1 
PS2_LCD_DATA_nn.01000011 0 0 0 0 0 0 0 0 0 0 0 0 0 0 0 0 0 0 0 0 0 0 0 1 0 0 0 0 0 0 0 0 0 0 0 0 0 0 0 1 
PS2_LCD_DATA_nn.01000100 0 0 0 0 0 0 0 0 0 0 0 0 0 0 0 0 0 0 0 0 0 0 1 0 0 0 0 0 0 0 0 0 0 0 0 0 0 0 0 1 
PS2_LCD_DATA_nn.01000101 0 0 0 0 0 0 0 0 0 0 0 0 0 0 0 0 0 0 0 0 0 1 0 0 0 0 0 0 0 0 0 0 0 0 0 0 0 0 0 1 
PS2_LCD_DATA_nn.01000110 0 0 0 0 0 0 0 0 0 0 0 0 0 0 0 0 0 0 0 0 1 0 0 0 0 0 0 0 0 0 0 0 0 0 0 0 0 0 0 1 
PS2_LCD_DATA_nn.01000111 0 0 0 0 0 0 0 0 0 0 0 0 0 0 0 0 0 0 0 1 0 0 0 0 0 0 0 0 0 0 0 0 0 0 0 0 0 0 0 1 
PS2_LCD_DATA_nn.01001000 0 0 0 0 0 0 0 0 0 0 0 0 0 0 0 0 0 0 1 0 0 0 0 0 0 0 0 0 0 0 0 0 0 0 0 0 0 0 0 1 
PS2_LCD_DATA_nn.01001001 0 0 0 0 0 0 0 0 0 0 0 0 0 0 0 0 0 1 0 0 0 0 0 0 0 0 0 0 0 0 0 0 0 0 0 0 0 0 0 1 
PS2_LCD_DATA_nn.01001010 0 0 0 0 0 0 0 0 0 0 0 0 0 0 0 0 1 0 0 0 0 0 0 0 0 0 0 0 0 0 0 0 0 0 0 0 0 0 0 1 
PS2_LCD_DATA_nn.01001011 0 0 0 0 0 0 0 0 0 0 0 0 0 0 0 1 0 0 0 0 0 0 0 0 0 0 0 0 0 0 0 0 0 0 0 0 0 0 0 1 
PS2_LCD_DATA_nn.01001100 0 0 0 0 0 0 0 0 0 0 0 0 0 0 1 0 0 0 0 0 0 0 0 0 0 0 0 0 0 0 0 0 0 0 0 0 0 0 0 1 
PS2_LCD_DATA_nn.01001101 0 0 0 0 0 0 0 0 0 0 0 0 0 1 0 0 0 0 0 0 0 0 0 0 0 0 0 0 0 0 0 0 0 0 0 0 0 0 0 1 
PS2_LCD_DATA_nn.01001110 0 0 0 0 0 0 0 0 0 0 0 0 1 0 0 0 0 0 0 0 0 0 0 0 0 0 0 0 0 0 0 0 0 0 0 0 0 0 0 1 
PS2_LCD_DATA_nn.01001111 0 0 0 0 0 0 0 0 0 0 0 1 0 0 0 0 0 0 0 0 0 0 0 0 0 0 0 0 0 0 0 0 0 0 0 0 0 0 0 1 
PS2_LCD_DATA_nn.01010000 0 0 0 0 0 0 0 0 0 0 1 0 0 0 0 0 0 0 0 0 0 0 0 0 0 0 0 0 0 0 0 0 0 0 0 0 0 0 0 1 
PS2_LCD_DATA_nn.01010001 0 0 0 0 0 0 0 0 0 1 0 0 0 0 0 0 0 0 0 0 0 0 0 0 0 0 0 0 0 0 0 0 0 0 0 0 0 0 0 1 
PS2_LCD_DATA_nn.01010010 0 0 0 0 0 0 0 0 1 0 0 0 0 0 0 0 0 0 0 0 0 0 0 0 0 0 0 0 0 0 0 0 0 0 0 0 0 0 0 1 
PS2_LCD_DATA_nn.01010011 0 0 0 0 0 0 0 1 0 0 0 0 0 0 0 0 0 0 0 0 0 0 0 0 0 0 0 0 0 0 0 0 0 0 0 0 0 0 0 1 
PS2_LCD_DATA_nn.01010100 0 0 0 0 0 0 1 0 0 0 0 0 0 0 0 0 0 0 0 0 0 0 0 0 0 0 0 0 0 0 0 0 0 0 0 0 0 0 0 1 
PS2_LCD_DATA_nn.01010101 0 0 0 0 0 1 0 0 0 0 0 0 0 0 0 0 0 0 0 0 0 0 0 0 0 0 0 0 0 0 0 0 0 0 0 0 0 0 0 1 
PS2_LCD_DATA_nn.01010110 0 0 0 0 1 0 0 0 0 0 0 0 0 0 0 0 0 0 0 0 0 0 0 0 0 0 0 0 0 0 0 0 0 0 0 0 0 0 0 1 
PS2_LCD_DATA_nn.01010111 0 0 0 1 0 0 0 0 0 0 0 0 0 0 0 0 0 0 0 0 0 0 0 0 0 0 0 0 0 0 0 0 0 0 0 0 0 0 0 1 
PS2_LCD_DATA_nn.01011000 0 0 1 0 0 0 0 0 0 0 0 0 0 0 0 0 0 0 0 0 0 0 0 0 0 0 0 0 0 0 0 0 0 0 0 0 0 0 0 1 
PS2_LCD_DATA_nn.01011001 0 1 0 0 0 0 0 0 0 0 0 0 0 0 0 0 0 0 0 0 0 0 0 0 0 0 0 0 0 0 0 0 0 0 0 0 0 0 0 1 
PS2_LCD_DATA_nn.01011010 1 0 0 0 0 0 0 0 0 0 0 0 0 0 0 0 0 0 0 0 0 0 0 0 0 0 0 0 0 0 0 0 0 0 0 0 0 0 0 1 

State Machine - |ps2_lcd1602|LCD_1602:LCD_1602_Init|state
Name state.IDLE state.STOP state.WRITE state.DDRAM state.FUNCTION state.SHIFT state.DISPLAY state.MODE state.RETURN state.CLEAR 
state.IDLE 0 0 0 0 0 0 0 0 0 0 
state.CLEAR 1 0 0 0 0 0 0 0 0 1 
state.RETURN 1 0 0 0 0 0 0 0 1 0 
state.MODE 1 0 0 0 0 0 0 1 0 0 
state.DISPLAY 1 0 0 0 0 0 1 0 0 0 
state.SHIFT 1 0 0 0 0 1 0 0 0 0 
state.FUNCTION 1 0 0 0 1 0 0 0 0 0 
state.DDRAM 1 0 0 1 0 0 0 0 0 0 
state.WRITE 1 0 1 0 0 0 0 0 0 0 
state.STOP 1 1 0 0 0 0 0 0 0 0 
